0c 00 00 00 01 00 00 00 96 00 00 00 0b 00 00 00 
01 00 00 00 99 00 00 00 0c 00 00 00 01 00 00 00 
9e 00 00 00 0b 00 00 00 01 00 00 00 a1 00 00 00 
0c 00 00 00 01 00 00 00 a6 00 00 00 0b 00 00 00 
01 00 00 00 aa 00 00 00 0c 00 00 00 01 00 00 00 
b0 00 00 00 0b 00 00 00 01 00 00 00 b3 00 00 00 
0c 00 00 00 01 00 00 00 b8 00 00 00 0b 00 00 00 
01 00 00 00 bc 00 00 00 0c 00 00 00 01 00 00 00 
c2 00 00 00 0b 00 00 00 01 00 00 00 c5 00 00 00 
0c 00 00 00 01 00 00 00 c9 00 00 00 0b 00 00 00 
01 00 00 00 cc 00 00 00 0c 00 00 00 01 00 00 00 
d1 00 00 00 0b 00 00 00 01 00 00 00 d4 00 00 00 
0c 00 00 00 01 00 00 00 d9 00 00 00 0b 00 00 00 
01 00 00 00 dc 00 00 00 0c 00 00 00 01 00 00 00 
e1 00 00 00 0b 00 00 00 01 00 00 00 e5 00 00 00 
0c 00 00 00 01 00 00 00 eb 00 00 00 0b 00 00 00 
01 00 00 00 ee 00 00 00 0c 00 00 00 01 00 00 00 
f2 00 00 00 0b 00 00 00 01 00 00 00 f5 00 00 00 
0c 00 00 00 01 00 00 00 fa 00 00 00 0b 00 00 00 
01 00 00 00 fd 00 00 00 0c 00 00 00 01 00 00 01 
02 00 00 00 0b 00 00 00 01 00 00 01 05 00 00 00 
0c 00 00 00 01 00 00 01 0a 00 00 00 0b 00 00 00 
01 00 00 01 0e 00 00 00 0c 00 00 00 01 00 00 01 
14 00 00 00 0b 00 00 00 01 00 00 01 17 00 00 00 
0c 00 00 00 01 00 00 01 1c 00 00 00 0b 00 00 00 
01 00 00 01 20 00 00 00 0c 00 00 00 01 00 00 01 
26 00 00 00 0b 00 00 00 01 00 00 01 29 00 00 00 
0c 00 00 00 01 00 00 01 2d 00 00 00 0b 00 00 00 
01 00 00 01 30 00 00 00 0c 00 00 00 01 00 00 01 
35 00 00 00 0b 00 00 00 01 00 00 01 38 00 00 00 
0c 00 00 00 01 00 00 01 3d 00 00 00 0b 00 00 00 
01 00 00 01 40 00 00 00 0c 00 00 00 01 00 00 01 
45 00 00 00 0b 00 00 00 01 00 00 01 49 00 00 00 
0c 00 00 00 01 00 00 01 4f 00 00 00 0b 00 00 00 
01 00 00 01 52 00 00 00 0c 00 00 00 01 00 00 01 
56 00 00 00 0b 00 00 00 01 00 00 01 59 00 00 00 
0c 00 00 00 01 00 00 01 5e 00 00 00 0b 00 00 00 
01 00 00 01 61 00 00 00 0c 00 00 00 01 00 00 01 
66 00 00 00 0b 00 00 00 01 00 00 01 69 00 00 00 
0c 00 00 00 01 00 00 01 6e 00 00 00 0b 00 00 00 
01 00 00 01 72 00 00 00 0c 00 00 00 01 00 00 01 
78 00 00 00 0b 00 00 00 01 00 00 01 7b 00 00 00 
0c 00 00 00 01 00 00 01 7f 00 00 00 0b 00 00 00 
01 00 00 01 82 00 00 00 0c 00 00 00 01 00 00 01 
87 00 00 00 0b 00 00 00 01 00 00 01 8a 00 00 00 
0c 00 00 00 01 00 00 01 8f 00 00 00 0b 00 00 00 
01 00 00 01 92 00 00 00 0c 00 00 00 01 00 00 01 
97 00 00 00 0b 00 00 00 01 00 00 01 9b 00 00 00 
0c 00 00 00 01 00 00 01 a1 00 00 00 0b 00 00 00 
01 00 00 01 a4 00 00 00 0c 00 00 00 01 00 00 01 
a9 00 00 00 0b 00 00 00 01 00 00 01 ad 00 00 00 
0c 00 00 00 01 00 00 01 b3 00 00 00 0b 00 00 00 
01 00 00 01 b6 00 00 00 0c 00 00 00 01 00 00 01 
ba 00 00 00 0b 00 00 00 01 00 00 01 bd 00 00 00 
0c 00 00 00 01 00 00 01 c2 00 00 00 0b 00 00 00 
01 00 00 01 c5 00 00 00 0c 00 00 00 01 00 00 01 
ca 00 00 00 0b 00 00 00 01 00 00 01 cd 00 00 00 
0c 00 00 00 01 00 00 01 d2 00 00 00 0b 00 00 00 
01 00 00 01 d6 00 00 00 0c 00 00 00 01 00 00 01 
dc 00 00 00 0b 00 00 00 01 00 00 01 df 00 00 00 
0c 00 00 00 01 00 00 01 e3 00 00 00 0b 00 00 00 
01 00 00 01 e6 00 00 00 0c 00 00 00 01 00 00 01 
eb 00 00 00 0b 00 00 00 01 00 00 01 ee 00 00 00 
0c 00 00 00 01 00 00 01 f3 00 00 00 0b 00 00 00 