00 00 00 18 66 74 79 70 6d 70 34 32 00 00 00 00 
69 73 6f 6d 6d 70 34 32 00 06 e8 10 6d 6f 6f 76 
00 00 00 6c 6d 76 68 64 00 00 00 00 00 00 00 00 
00 00 00 00 00 00 03 e8 00 11 ab 8a 00 01 00 00 
01 00 00 00 00 00 00 00 00 00 00 00 00 01 00 00 
00 00 00 00 00 00 00 00 00 00 00 00 00 01 00 00 
00 00 00 00 00 00 00 00 00 00 00 00 40 00 00 00 
00 00 00 00 00 00 00 00 00 00 00 00 00 00 00 00 
00 00 00 00 00 00 00 00 00 00 00 03 00 03 b3 19 
74 72 61 6b 00 00 00 5c 74 6b 68 64 00 00 00 03 
00 00 00 00 00 00 00 00 00 00 00 01 00 00 00 00 
00 11 ab 48 00 00 00 00 00 00 00 00 00 00 00 00 
00 00 00 00 00 01 00 00 00 00 00 00 00 00 00 00 
00 00 00 00 00 01 00 00 00 00 00 00 00 00 00 00 
00 00 00 00 40 00 00 00 02 80 00 00 01 68 00 00 
00 00 00 24 65 64 74 73 00 00 00 1c 65 6c 73 74 
00 00 00 00 00 00 00 01 00 11 ab 48 00 00 02 00 
00 01 00 00 00 03 b2 91 6d 64 69 61 00 00 00 20 
6d 64 68 64 00 00 00 00 00 00 00 00 00 00 00 00 
00 00 32 00 00 e2 2a 00 55 c4 00 00 00 00 00 47 
68 64 6c 72 00 00 00 00 00 00 00 00 76 69 64 65 
00 00 00 00 00 00 00 00 00 00 00 00 49 53 4f 20 
4d 65 64 69 61 20 66 69 6c 65 20 70 72 6f 64 75 
63 65 64 20 62 79 20 47 6f 6f 67 6c 65 20 49 6e 
63 2e 00 00 03 b2 22 6d 69 6e 66 00 00 00 24 64 
69 6e 66 00 00 00 1c 64 72 65 66 00 00 00 00 00 
00 00 01 00 00 00 0c 75 72 6c 20 00 00 00 01 00 
03 b1 e2 73 74 62 6c 00 00 00 9a 73 74 73 64 00 
00 00 00 00 00 00 01 00 00 00 8a 61 76 63 31 00 
00 00 00 00 00 00 01 00 00 00 00 00 00 00 00 00 
00 00 00 00 00 00 00 02 80 01 68 00 48 00 00 00 
48 00 00 00 00 00 00 00 01 00 00 00 00 00 00 00 
00 00 00 00 00 00 00 00 00 00 00 00 00 00 00 00 
00 00 00 00 00 00 00 00 00 00 18 ff ff 00 00 00 
34 61 76 63 43 01 4d 40 1e ff e1 00 1d 67 4d 40 
1e e8 80 50 17 fc b8 0b 50 10 10 14 00 00 03 00 
04 00 00 03 00 c8 3c 58 b4 48 01 00 04 68 eb 8f 
20 00 00 00 18 73 74 74 73 00 00 00 00 00 00 00 
01 00 00 71 15 00 00 02 00 00 00 1c 0c 73 74 73 
63 00 00 00 00 00 00 02 55 00 00 00 01 00 00 00 
0c 00 00 00 01 00 00 00 13 00 00 00 0b 00 00 00 
01 00 00 00 16 00 00 00 0c 00 00 00 01 00 00 00 
1b 00 00 00 0b 00 00 00 01 00 00 00 1e 00 00 00 
0c 00 00 00 01 00 00 00 23 00 00 00 0b 00 00 00 
01 00 00 00 26 00 00 00 0c 00 00 00 01 00 00 00 
2a 00 00 00 0b 00 00 00 01 00 00 00 2d 00 00 00 
0c 00 00 00 01 00 00 00 32 00 00 00 0b 00 00 00 
01 00 00 00 35 00 00 00 0c 00 00 00 01 00 00 00 
3a 00 00 00 0b 00 00 00 01 00 00 00 3d 00 00 00 
0c 00 00 00 01 00 00 00 42 00 00 00 0b 00 00 00 
01 00 00 00 46 00 00 00 0c 00 00 00 01 00 00 00 
4c 00 00 00 0b 00 00 00 01 00 00 00 4f 00 00 00 
0c 00 00 00 01 00 00 00 54 00 00 00 0b 00 00 00 
01 00 00 00 58 00 00 00 0c 00 00 00 01 00 00 00 
5e 00 00 00 0b 00 00 00 01 00 00 00 61 00 00 00 
0c 00 00 00 01 00 00 00 65 00 00 00 0b 00 00 00 
01 00 00 00 68 00 00 00 0c 00 00 00 01 00 00 00 
6d 00 00 00 0b 00 00 00 01 00 00 00 70 00 00 00 
0c 00 00 00 01 00 00 00 75 00 00 00 0b 00 00 00 
01 00 00 00 78 00 00 00 0c 00 00 00 01 00 00 00 
7d 00 00 00 0b 00 00 00 01 00 00 00 81 00 00 00 
0c 00 00 00 01 00 00 00 87 00 00 00 0b 00 00 00 
01 00 00 00 8a 00 00 00 0c 00 00 00 01 00 00 00 
8e 00 00 00 0b 00 00 00 01 00 00 00 91 00 00 00 